accuracy = 0.9136690647482014
auprc = 0.965717047076615
auroc = 0.963506838905775
eval_loss = 0.5351743680589339
f1_score = 0.9122786258036524
fn = 146
fp = 142
mcc = 0.8245599558246229
tn = 1314
tp = 1734
